
Intervalos Frec. Obs Frec Esp. Fr. Obs. Acum Fr. Esp. Acum   FoA - FEA
6-7		6	4,42	6		4,42		1,58
7-8		4	4,42	10		8,85		1,15
8-9		3	4,42	13		13,28		-0,28
9-10		5	4,42	18		17,71		-0,29
10-11		3	4,42	21		22,14		-1,14
11-12		4	4,42	25		26,57		-1,57
12-13		5	4,42	30		31		1
13-14		4	4,42	34		35,42		-1,42
14-15		6	4,42	40		39,85		0,15
15-16		5	4,42	45		44,28		0,72
16-17		5	4,42	50		48,71		1,29
17-18		2	4,42	52		53,14		-1,14
18-19		5	4,42	57		57,57		0,57
19-20		5	4,42	62		62		0

Prueba K-S

1,58/62=0,0254

para n=62 1,22/raiz(62) = 0.47

0,0254 menor a 0,47 ::: es uniforme